0 | 01111111 | 0000000 |  --> 1.0000000000
0 | 01111111 | 0100000 |  --> 1.2500000000
0 | 01111111 | 1000000 |  --> 1.5000000000
0 | 01111111 | 1100000 |  --> 1.7500000000
0 | 01111111 | 1110000 |  --> 1.8750000000
0 | 10000000 | 0000000 |  --> 2.0000000000
0 | 10000000 | 0100000 |  --> 2.5000000000
0 | 10000000 | 1000000 |  --> 3.0000000000
0 | 10000000 | 1100000 |  --> 3.5000000000
0 | 10000000 | 1110000 |  --> 3.7500000000
1 | 01111111 | 0000000 |  --> -1.0000000000
1 | 01111111 | 0100000 |  --> -1.2500000000
1 | 01111111 | 1000000 |  --> -1.5000000000
1 | 01111111 | 1100000 |  --> -1.7500000000
1 | 01111111 | 1110000 |  --> -1.8750000000
1 | 10000000 | 0000000 |  --> -2.0000000000
1 | 10000000 | 0100000 |  --> -2.5000000000
1 | 10000000 | 1000000 |  --> -3.0000000000
1 | 10000000 | 1100000 |  --> -3.5000000000
1 | 10000000 | 1110000 |  --> -3.7500000000
0 | 01111111 | 0000000 |  --> 1.0000000000
0 | 01111111 | 0100000 |  --> 1.2500000000
0 | 01111111 | 1000000 |  --> 1.5000000000
0 | 01111111 | 1100000 |  --> 1.7500000000
0 | 01111111 | 1110000 |  --> 1.8750000000
0 | 10000000 | 0000000 |  --> 2.0000000000
0 | 10000000 | 0100000 |  --> 2.5000000000
0 | 10000000 | 1000000 |  --> 3.0000000000
0 | 10000000 | 1100000 |  --> 3.5000000000
0 | 10000000 | 1110000 |  --> 3.7500000000
0 | 00000000 | 0000000 |  --> 0.0000000000
1 | 00000000 | 0000000 |  --> -0.0000000000
0 | 00000000 | 0000000 |  --> 0.0000000000
1 | 00000000 | 0000000 |  --> -0.0000000000
0 | 11111111 | 0000000 |  --> inf
1 | 11111111 | 0000000 |  --> -inf
0 | 11111111 | 0000000 |  --> inf
1 | 11111111 | 0000000 |  --> -inf
0 | 11111111 | 0000001 |  --> nan
1 | 11111111 | 0000001 |  --> -nan
0 | 11111111 | 0000001 |  --> nan
1 | 11111111 | 0000001 |  --> -nan
0 | 01111111 | 0000000 |  --> 1.0000000000
1 | 01111111 | 0000000 |  --> -1.0000000000
0 | 01111111 | 0000000 |  --> 1.0000000000
1 | 01111111 | 0000000 |  --> -1.0000000000
0 | 01111110 | 1111111 |  --> 0.9960937500
1 | 01111110 | 1111111 |  --> -0.9960937500
0 | 01111110 | 1111111 |  --> 0.9960937500
1 | 01111110 | 1111111 |  --> -0.9960937500
