0 | 10000000 | 0000000 |  --> 2.0000000000
0 | 10000000 | 0010000 |  --> 2.2500000000
0 | 10000000 | 0100000 |  --> 2.5000000000
0 | 10000000 | 0110000 |  --> 2.7500000000
0 | 10000000 | 0111000 |  --> 2.8750000000
0 | 10000000 | 1000000 |  --> 3.0000000000
0 | 10000000 | 1100000 |  --> 3.5000000000
0 | 10000001 | 0000000 |  --> 4.0000000000
0 | 10000001 | 0010000 |  --> 4.5000000000
0 | 10000001 | 0011000 |  --> 4.7500000000
0 | 00000000 | 0000000 |  --> 0.0000000000
0 | 01111101 | 0000000 |  --> 0.2500000000
0 | 01111110 | 0000000 |  --> 0.5000000000
0 | 01111110 | 1000000 |  --> 0.7500000000
0 | 01111110 | 1100000 |  --> 0.8750000000
0 | 01111111 | 0000000 |  --> 1.0000000000
0 | 01111111 | 1000000 |  --> 1.5000000000
0 | 10000000 | 0000000 |  --> 2.0000000000
0 | 10000000 | 0100000 |  --> 2.5000000000
0 | 10000000 | 0110000 |  --> 2.7500000000
1 | 10000000 | 0000000 |  --> -2.0000000000
1 | 10000000 | 0010000 |  --> -2.2500000000
1 | 10000000 | 0100000 |  --> -2.5000000000
1 | 10000000 | 0110000 |  --> -2.7500000000
1 | 10000000 | 0111000 |  --> -2.8750000000
1 | 10000000 | 1000000 |  --> -3.0000000000
1 | 10000000 | 1100000 |  --> -3.5000000000
1 | 10000001 | 0000000 |  --> -4.0000000000
1 | 10000001 | 0010000 |  --> -4.5000000000
1 | 10000001 | 0011000 |  --> -4.7500000000
0 | 01111111 | 0000000 |  --> 1.0000000000
0 | 01111111 | 0000000 |  --> 1.0000000000
0 | 01111111 | 0000000 |  --> 1.0000000000
0 | 01111111 | 0000000 |  --> 1.0000000000
0 | 11111111 | 0000000 |  --> inf
0 | 11111111 | 0000000 |  --> inf
0 | 11111111 | 0000000 |  --> inf
0 | 11111111 | 0000000 |  --> inf
0 | 11111111 | 0000001 |  --> nan
0 | 11111111 | 0000001 |  --> nan
0 | 11111111 | 0000001 |  --> nan
0 | 11111111 | 0000001 |  --> nan
0 | 10000010 | 0000010 |  --> 8.1250000000
1 | 10000001 | 1111100 |  --> -7.8750000000
0 | 10000001 | 0001000 |  --> 4.2500000000
1 | 10000000 | 1110000 |  --> -3.7500000000
0 | 10000010 | 0100001 |  --> 10.0625000000
1 | 10000010 | 0011111 |  --> -9.9375000000
0 | 10000011 | 0100000 |  --> 20.0000000000
1 | 10000011 | 0100000 |  --> -20.0000000000
